-0.81026 -0.2557
-0.79501 -0.19554
-0.76491 -0.1917
-0.72934 -0.23082
-0.76899 -0.27954
-0.81779 -0.25666
-0.93105 -0.38755
-0.90806 -0.26819
-0.88324 -0.16315
-0.86982 -0.088663
-0.84317 0.002061
-0.82039 0.063184
-0.76183 0.14343
-0.72583 0.22079
-0.66523 0.34496
-0.59161 0.42713
-0.53874 0.49209
-0.44439 0.59146
-0.397 0.69938
-0.37704 1.0221
-0.3516 1.3019
-0.3412 1.5797
-0.3483 1.6952
-0.35133 1.8986
-0.31983 1.7717
-0.28671 1.5721
-0.26294 1.386
-0.22799 1.1721
-0.21357 0.99932
-0.17476 0.81508
-0.15282 0.64324
-0.10444 0.50388
-0.087779 0.43324
-0.0034072 0.37124
0.06409 0.32165
0.11654 0.27013
0.17652 0.21957
0.25702 0.12797
0.33001 0.035416
0.41438 -0.02658
0.46338 0.0087838
0.5126 0.10239
0.52623 0.23511
0.56265 0.42896
0.58789 0.65049
0.66516 0.70401
0.72942 0.79954
0.73082 0.66874
0.73406 0.52361
0.75031 0.33649
0.74602 0.19041
0.78097 -0.023437
0.80108 -0.18096
0.82668 -0.38144
0.88054 -0.56376
0.94396 -0.7012
1.0094 -0.79472
1.0692 -0.90352
1.0858 -0.97416
1.0108 -0.92552
0.92463 -0.84921
0.83273 -0.78817
0.72945 -0.7577
0.63572 -0.68234
0.57392 -0.61746
0.50094 -0.52491
0.44096 -0.47435
0.32263 -0.4458
0.22504 -0.40004
0.13477 -0.41157
0.025576 -0.45461
-0.019562 -0.46038
0.06481 -0.52237
0.16423 -0.58245
0.23559 -0.60244
0.32383 -0.63484
0.27869 -0.6406
0.12071 -0.66077
-0.052322 -0.68286
-0.15947 -0.68199
-0.28533 -0.6544
-0.35282 -0.6048
-0.44472 -0.54377
-0.48416 -0.53425
-0.64763 -0.51146
-0.75113 -0.53923
-0.83937 -0.50683
-0.89934 -0.45627
-0.92353 -0.38659
0.041951 -0.69266
0.17799 -0.67529
